Start 
-11.56
-11.06
-10.56
-10.06
-9.56
-9.06
-8.56
-8.06
-7.5600000000000005
-7.0600000000000005
-6.5600000000000005
-6.0600000000000005
-5.5600000000000005
-5.0600000000000005
-4.5600000000000005
-4.0600000000000005
-3.5600000000000005
-3.0600000000000005
-2.5600000000000005
-2.0600000000000005
-1.5600000000000005
-1.0600000000000005
-0.5600000000000005
-0.0600000000000005
0.4399999999999995
0.9399999999999995
1.4399999999999995
1.9399999999999995
2.4399999999999995
2.9399999999999995
3.4399999999999995
3.9399999999999995
4.4399999999999995
4.9399999999999995
5.4399999999999995
5.9399999999999995
First Checkpoint 
-7.12
-6.62
-6.12
-5.62
-5.12
-4.62
-4.12
-3.62
-3.12
-2.62
-2.12
-1.62
-1.12
-0.6200000000000001
-0.1200000000000001
0.3799999999999999
0.8799999999999999
1.38
1.88
2.38
2.88
3.38
3.88
4.38
4.88
5.38
5.88
6.38
Second Checkpoint 
6.16
5.61
5.0600000000000005
4.510000000000001
3.960000000000001
3.410000000000001
2.860000000000001
2.3100000000000014
1.7600000000000016
1.2100000000000017
0.6600000000000019
0.1100000000000021
-0.4399999999999977
-0.9899999999999975
-1.5399999999999974
-2.0899999999999963
-2.639999999999997
-3.1899999999999977
-3.7399999999999967
-4.289999999999996
-4.839999999999996
-5.389999999999997
-5.939999999999996
-6.489999999999995
-7.039999999999996
-7.589999999999996
-8.139999999999995
-8.689999999999994
-9.239999999999995
-9.789999999999996
-10.339999999999993
-10.889999999999993
-11.439999999999994
-11.989999999999995
-12.539999999999996
-13.089999999999993
-13.639999999999993
-14.189999999999994
-14.739999999999991
-15.289999999999992
-15.839999999999993
Third Checkpoint 
6.88
6.38
5.88
5.38
4.88
4.38
3.88
3.38
2.88
2.38
1.88
Fourth Checkpoint 
-16.24
-15.739999999999998
-15.239999999999998
-14.739999999999998
-14.239999999999998
-13.739999999999998
-13.239999999999998
-12.739999999999998
-12.239999999999998
-11.739999999999998
-11.239999999999998
-10.739999999999998
-10.239999999999998
-9.739999999999998
-9.239999999999998
-8.739999999999998
-8.239999999999998
-7.739999999999998
-7.239999999999998
-6.739999999999998
-6.239999999999998
-5.739999999999998
-5.239999999999998
end