9.0
9.1
9.2
9.299999999999999
9.399999999999999
9.499999999999998
9.599999999999998
9.699999999999998
9.799999999999997
9.899999999999997
9.999999999999996
10.099999999999996
10.199999999999996
10.299999999999995
10.399999999999995
10.499999999999995
10.599999999999994
10.699999999999994
10.799999999999994
10.899999999999993
10.999999999999993
11.099999999999993
11.199999999999992
11.299999999999992
11.399999999999991
11.499999999999991
11.59999999999999
11.69999999999999
11.79999999999999
11.89999999999999
